0.0 0
1.0 2
2.0 6
3.0 6
4.0 13
5.0 16
6.0 34
7.0 26
8.0 29
9.0 31
10.0 22
11.0 21
12.0 15
13.0 14
14.0 7
15.0 8
16.0 6
17.0 6
18.0 7
19.0 3
20.0 6
21.0 4
22.0 1
23.0 1
24.0 2
25.0 2
26.0 2
27.0 0
28.0 2
29.0 2
30.0 1
31.0 2
32.0 0
33.0 2
34.0 1
35.0 0
36.0 1
37.0 1
38.0 1
39.0 0
40.0 2
41.0 0
42.0 0
43.0 0
44.0 0
45.0 0
46.0 0
47.0 1
48.0 0
49.0 0
50.0 0
51.0 0
52.0 0
53.0 0
54.0 0
55.0 0
56.0 0
57.0 0
58.0 0
59.0 0
60.0 0
61.0 0
62.0 0
63.0 0
64.0 0
65.0 0
66.0 0
67.0 0
68.0 0
69.0 0
70.0 0
71.0 0
72.0 0
73.0 0
74.0 0
75.0 0
76.0 0
77.0 0
78.0 0
79.0 0
80.0 0
81.0 0
82.0 0
83.0 0
84.0 0
85.0 1
86.0 0
87.0 1
88.0 0
